numero peso comprimento idade gordura
1 115,1 1,15 5 26,7
2 90,4 1,17 4 17,4
3 97,0 1,61 6 16,5
4 102,5 1,57 7 28,9
5 108,1 1,56 6 26,0
6 118,0 1,65 5 25,9
7 110,5 1,45 5 25,7
8 103,7 1,38 4 20,9
9 115,9 1,45 8 21,9
10 96,1 1,43 6 18,5
11 95,0 1,45 4 20,1
12 120,1 1,60 7 28,9
13 98,0 1,49 7 19,0
14 99,5 1,39 8 17,0
15 111,1 1,38 5 25,0
16 105,0 1,47 6 22,8
17 90,1 1,56 7 10,6
18 117,1 1,65 8 23,8
19 115,6 1,45 4 25,6
20 97,1 1,43 5 18,2
21 114,9 1,45 6 29,0
22 96,0 1,60 7 11,7
23 95,0 1,49 7 10,8
24 117,5 1,17 7 22,9
25 96,7 1,61 5 14,1
26 117,1 1,57 5 20,8
27 117,9 1,56 7 20,9
28 95,4 1,65 7 16,7
29 116,9 1,15 6 25,3
30 116,8 1,17 8 25,1
31 95,9 1,61 8 14,0
32 97,5 1,57 5 13,8